0.0091437227026777	210381.4890516152
0.0098958607586212	126600.82553552777
0.0100998834293084	220693.75108288467
0.0209314273817595	132593.23944537976
0.0220193813401707	200881.85060839943
0.0221261735964699	186461.7191223905
0.0325909791623248	102053.2631708744
0.0337332606186923	131024.97268570962
0.0347519918615325	196551.295989961
0.0450021504215156	162487.39444392978
0.046085966569494	202784.59409876444
0.0467435503148015	130502.2741516325
0.0577898329463965	75344.57779429082
0.0587198916613515	176690.670473033
0.059603560623604	178409.63839780027
0.0701943415737809	158475.15210434113
0.0711252319192315	178312.1143680409
0.0721583128416	152900.9896530201
0.0835001843706401	215165.30329047685
0.0836868472442851	147422.5118950006
0.0841919281709055	174811.32748401922
0.0959700091348962	169624.70956771812
0.0966527342836567	178136.38607191556
0.0970607522791689	165429.58624161524
0.1084326678540088	182001.08580515103
0.1087947040197204	150268.6767689751
0.1095503479927308	130029.05767352646
0.1210637142934285	169918.23629025786
0.1214580728874769	196801.17570013087
0.121953703414116	153595.46683347895
0.1334614432373971	137166.12135936812
0.1343735294890718	149947.16215208982
0.1345754514248489	168382.0461444158
0.1458690925187994	140106.6905663185
0.1468008097983179	157490.81803534162
0.1474827004153656	164285.5390971774
0.1581316982315787	150989.65610216928
0.1593804342670222	159059.6215932925
0.1601350967173907	173382.68162082386
0.1705591571452085	183209.65346283108
0.1718905699163146	185421.65965135948
0.1727853709119094	171830.1693281888
0.1829837988004827	139824.25901111352
0.1845100401272811	160109.43212980358
0.1853280210088371	155719.80104581575
0.1954442585253807	174337.9458597954
0.1970513575553523	162763.69625503122
0.1982422689831511	193635.34586807544
0.2081249271788106	170729.84237369863
0.2093296995266281	167956.52664745323
0.2111300955336426	162104.98946636834
0.2204244725312289	143116.82749923083
0.2219592470045313	176061.2616330614
0.2237319495308358	172568.0371090609
0.2328838159825094	180698.20255874508
0.234594383687853	137872.92989603273
0.2367135883215781	161320.5168570503
0.2455108258273118	158560.9816906342
0.2468876069745555	136427.10461818828
0.2494325413037044	138692.02434222662
0.2578446867289209	139703.3565530797
0.2595240976961543	173078.01402708702
0.2620406053491747	157268.9347715497
0.2701509288839688	145475.68284116368
0.2720842764276409	181420.7378025452
0.2751933596920679	167822.7627260324
0.2825681271438419	140521.23555731677
0.2845809628279716	174493.40476930793
0.2880195281008594	144285.7027739549
0.2951230237843841	142523.99119384747
0.2970149588707411	151312.5447715415
0.3004763870946152	171111.33095100638
0.3075878494521203	147522.47016916014
0.3094504573844042	152164.53926510067
0.3133510078590814	176787.6264223124
0.3199928454514672	164950.8769848078
0.3219155798230577	156506.5469984851
0.3259714936908386	165864.1529048322
0.3325696891636246	142904.0809877028
0.3343412851231767	163072.16558626277
0.3388317667093762	184503.4531980438
0.3449511797450732	131045.08217783037
0.3470435347995236	165094.62313945382
0.3518643297274519	152809.69272019863
0.3574405759370239	146438.97115421013
0.3596007183793183	152643.92469415045
0.3644661594036769	138067.49527687416
0.3699695655425227	150671.36075449505
0.3719637591399382	130463.21113647224
0.3770734105406787	161630.3314790363
0.3823542679021784	159074.15455215404
0.3845637580880605	153300.03429831634
0.3899569304041089	173462.2391490718
0.3946876783848579	139719.29166528393
0.3970915748509672	138905.10463019053
0.4028241525454922	162992.91779763327
0.4071663659376447	134949.6992237024
0.4095791122969257	151452.92626452766
0.4157969115524923	164645.21762496408
0.4197389502644705	144715.4507845815
0.4222111819741446	150475.8473652217
0.4285250401452025	161750.70681657002
0.4320415569879973	146110.26238669225
0.4346311949512916	139249.78229754686
0.4409628791952963	142960.69098870538
0.444441010307993	151250.31595012345
0.4471402499308974	160182.3817968201
0.4539330879601532	159633.30760197574
0.457078673881045	148084.58789152812
0.4596578706442788	127627.88296272968
0.4668797876505382	141290.1975818252
0.4694849645304867	130904.10266242371
0.4721226552005586	146654.1728892693
0.4794722596953467	126002.96893687204
0.481894542696953	139671.67800305338
0.4845974312015521	125974.62143644143
0.4923080207901002	144549.3056715154
0.4944457839956461	133469.4897448159
0.4970379724537417	145697.25892618392
0.5049744114198248	132641.16677013488
0.5068503257773939	117132.92950914524
0.5097331100149614	140211.2361899396
0.517662370867773	146644.87392742326
0.5192764321301855	136502.48584308013
0.5222458838902753	119442.4355147875
0.5307050481250848	150609.3484638516
0.5317246202468398	121965.70386604304
0.5345977674887182	136267.75195420603
0.5434693715195998	131790.3261388368
0.5442051578585635	117605.38376851952
0.547201238293078	140023.36835132417
0.5560430969848753	111350.95210354246
0.556592300794781	115850.84631767342
0.5597003438489702	135609.32026961516
0.5688035204449386	131053.34699766774
0.5689788341463553	129218.8842885565
0.5721551241450518	113377.70263708348
0.5815515136464677	129246.61117249004
0.5817240931232766	139528.85893397493
0.5847605707309541	128174.74241473008
0.5940432988078462	110168.06765125602
0.5945199311620721	109935.6858944837
0.5972344544356164	108649.34927619043
0.6064259891740199	114041.8335734584
0.6074031638912776	124527.63083100044
0.6097388482086584	112565.48400790412
0.6189392947435094	100703.69725536098
0.6201684963038988	120724.2740845955
0.6221882793161977	117142.0315593402
0.6313917652567317	108882.30865560289
0.63280764407128	109203.5507492823
0.6347038479390671	118311.07976978732
0.6438075949517394	98819.90086740468
0.6457161735630064	122056.0555201791
0.6472521558248194	103257.48781875626
0.6562807305102213	85731.55054878964
0.6585076417848639	103050.96753885744
0.6596898680863549	104317.6489978672
0.66879044252957	88400.16328745338
0.6712419367331979	96680.96795174934
0.6723025753525981	93945.43995993632
0.6811731168282928	77650.65165480823
0.6840653229815634	92952.323984597
0.684848304569049	92312.9224366462
0.6935686369928206	78876.14225151608
0.696626456279445	82783.38931099582
0.6972587345128973	78112.73024028627
0.7061706162416203	77234.87838872333
0.7094156908128366	88179.64063027588
0.7098689547764175	80473.39561704948
0.7186352921495118	66668.6702962092
0.7223179514629304	74024.3888155348
0.7223334895447406	63782.0103950309
0.7310135047533365	67144.48284909531
0.7347496315872926	75759.78644758521
0.7350967809985837	72626.13318913913
0.7434575086939651	68446.66158459947
0.7473781401283631	66822.28051254919
0.7479433379953607	58254.835492488026
0.7559116331702903	58091.00763518759
0.7598711609497494	59686.0321228744
0.7606018613125096	59460.49055649561
0.7683841751983954	57851.07834287241
0.7723836767955602	53242.20070532773
0.7733804378432917	63942.96455179775
0.7808696646547806	53035.926931707305
0.7848311836432859	48154.71589775031
0.7862997019567021	50302.89922208758
0.7932959393098961	49419.14518795104
0.7973241917078738	48827.38881355256
0.7990361171350796	39733.15063478818
0.8057153011417364	46786.55000861574
0.809894539348376	38938.253889452375
0.8118130183060445	42074.89572807521
0.8181461043193762	43328.138526783325
0.8223437352447017	30850.618947394803
0.8244302822524043	28109.380065595175
0.8306282905075622	42896.73666900914
0.8349016397528871	36643.94448092289
0.8371934425210465	47674.13724855846
0.8430457628295934	38976.45854792278
0.8474347888096733	29129.245651973382
0.8502307963951047	37222.98041093664
0.8554734690775854	36066.585971911874
0.8598719466517013	31287.36860011745
0.8629856357752964	20962.743796700088
0.8680034001544223	35669.5999282946
0.8724818895234764	24852.4804165783
0.875623776015684	24289.221243462
0.8804967112785659	27140.77000520469
0.8849543300760027	13366.317814146256
0.8883522240617133	19124.59493968112
0.8928922013238667	25219.063893310988
0.8973931391569263	22997.3689046097
0.9012328892249478	18431.153084933496
0.9053499205897184	25157.0680448926
0.9099978755254994	16047.02677036979
0.914111812879678	17607.24521891767
0.917827546277263	23105.5647842419
0.9224845098139964	18636.19631169908
0.9268974309145436	18579.58744754526
0.9302763486403424	20422.090851630983
0.9349710096627902	14393.15560551698
0.9395879773048686	11732.702096852998
0.9426697963066004	16467.423708864022
0.9474625089748978	8879.094150299119
0.9523096416820692	13189.267326964096
0.9551618316401732	17379.072351965413
0.959981319395425	11990.564135965862
0.965198838462032	12594.543213989178
0.967633770020274	11346.500714093476
0.9725369388776594	8284.567194310279
0.9779522628532068	3636.820491849823
0.9800609157004117	12078.377186330124
0.9849862736383196	3445.6651761298417
0.9906589643413284	12884.006583238486
0.9925936004767012	14143.877520870388
0.9975220902651752	6329.653416677262
1.0036111097294829	12961.162906659183
1.0050440032847354	11135.153829796502
1.0100445636929245	4670.529483606282
1.016241753302413	-233.51560849245288
1.0174474823598083	12081.3986364358
1.0224797992020462	5279.146961975319
1.0289157453317654	9540.015826777148
1.0298980319896498	8798.110833308747
1.0350790386296869	8060.987859496614
1.0418780084457886	8603.560077467875
1.0423795225711128	6316.662916338973
1.047602256654408	1218.2854779720074
1.054484661629454	-882.3633741886006
1.0548691548951152	3736.303538115375
1.0600451071196086	2638.205648646399
1.0672692538763764	2605.217001275858
1.0673060981211069	12747.592629169723
1.0725668040296328	3040.4841863815677
1.0796915393635476	5347.074951535731
1.0803001741554596	4278.66808695154
1.0850513630509304	2999.664771331969
1.092111315206841	4749.983615259058
1.0928723790295023	-1178.0680129903776
1.0975823255852544	3632.070614455006
1.1045560220944013	3506.8905494567007
1.1057461537325175	12759.680963693536
1.1100646769298956	101.46227872173768
1.1171088461859018	4556.750625088927
1.1187115052841785	1419.2482240839165
1.1225780214007115	2780.6684379792423
1.12954095500079	2211.756032171019
1.1312500251399762	2068.5049988044198
1.1351637759934483	1074.5116446847387
1.1419655568657068	4864.3531442977255
1.1440575234587365	13064.827114703745
1.1476371502474574	447.6239258566056
1.1544394901756525	983.5788468558748
1.156971521878629	6101.026197302883
1.1601481064354249	4133.06115064703
1.1668984732664427	2858.8673917345004
1.1696863915246964	2525.846729620942
1.172639703353329	2022.257655648078
1.179381239238647	1486.9403494067085
1.1824930643812004	8632.273802000564
1.1851125407644614	2253.268951641192
1.1917712619149772	-585.497307250771
1.1952695490366068	2199.7512527049985
1.197711650733947	5294.470872033853
1.2041963052781366	2118.052930286416
1.2079097338796057	356.4904711911804
1.2102144776778048	545.8200391922437
1.2166559059969293	480.7241275098641
1.220750776055835	8935.691727273399
1.2226757360480658	2678.6172325014777
1.2291084390568696	3243.454298757308
1.2335688478584073	4496.813821817603
1.2351647390843326	1657.628553355753
1.2416404374087802	1473.2878027625266
1.246299498796088	4225.326549213001
1.2476597303933452	3145.1030132690503
1.2540425503835684	-1454.0468397816005
1.2591768183591123	6184.515709235478
1.260210568835224	-656.688355401071
1.2664781466603563	2951.5233937755984
1.2719210992356813	-383.8068798760942
1.2727054756646048	1444.058840334532
1.2789817220978112	3753.9849606163625
1.2845388058608949	3249.4215541062586
1.2852392316535888	1870.5871841535557
1.2914384193823858	4194.6094605652615
1.297483671168891	11696.113150771444
1.2977513583853135	465.4398002784583
1.3038824337117323	1990.2191005992065
1.310217568745601	2893.4079870406717
1.310328029508332	704.4651926290535
1.3162866633135333	2050.843276219355
1.3228154214473318	5919.863114150998
1.3229859935624926	2923.03562493794
1.328776914469432	4024.263781740272
1.335321669935861	-2715.45564816962
1.335841340186108	6805.046773194947
1.3412177748027148	663.2193110153312
1.3477469880179005	2298.6191884709115
1.348603573041918	3125.108026912
1.3536202645227031	3028.489875882573
1.3603272525027343	3750.611004955717
1.3612153982790642	-238.7662121856993
1.3661545764072818	4012.910974359489
1.3728389486216948	-199.0067381656554
1.3741352041042951	8602.646532100393
1.3785551774310998	-2195.6017085178464
1.3853230674422634	1148.2936706765322
1.387007456324474	1829.595299072418
1.3910117068847296	5092.835871579009
1.3977767537007442	1524.910741275089
1.3996421292850876	535.7703306412732
1.4035634118903766	3364.7635529961844
1.4102554527746305	4366.568340290804
1.4124622449058966	7657.93007690669
1.4159768889331632	1703.1916336964932
1.4228389079372534	4073.415887312003
1.4252726017980808	4316.873340008606
1.4283867045765115	696.8775665414869
1.4353547843595458	-43.71876476716716
1.4380619039183633	4637.357552682195
1.4407830761297695	1428.6598616449046
1.4478734648550435	2026.0830532904076
1.4508338277287305	5389.91405092788
1.4532791816722577	4856.3248210661695
1.4603898853981827	-295.46771762528806
1.4636375287788852	5746.476610478538
1.4657523640714256	-161.8102067084401
1.472860177295929	3684.815763036371
1.4764105842864974	-304.63253518138663
1.4781591288707456	1189.8263391679502
1.485414636925129	3589.61541565007
1.4891479295489756	7310.85946834716
1.4906686393061968	3616.246649787907
1.4979258645082123	327.9250542820082
1.5020165375537953	6605.650214811816
1.503120572443196	-2117.100529225252
1.510383695177956	3597.6784604781424
1.514762986193929	-614.8265682118363
1.5155707610323772	1991.5078904859547
1.5229531919507775	2636.726544561272
1.5274339579541518	7081.102211956779
1.528092931662126	2344.810393153457
1.5354581550726167	257.9705822815595
1.5402511641316432	6249.8399268169305
1.5405212181798569	-1115.4432384981774
1.547937318804953	868.2652015887434
1.5529344940085077	-3252.8664070318337
1.5530115158211149	1247.045100569463
1.5604162632796814	-1547.8569114752463
1.56536017952725	-123.18441702701966
1.5658584790056311	9113.07228564113
1.572902806140449	2375.1726512956666
1.5778624021548489	4917.176872318349
1.5787068486174674	1951.6279878108471
1.5854554178968276	2103.7295043916965
1.590297144620546	-2087.144598697487
1.5914060541981812	765.7470714239462
1.5979901225152662	1151.8405899786449
1.602699396571784	2730.674754535692
1.604139581703653	5358.262971345976
1.6105290969017578	1731.4888858526829
1.615225503978672	2924.7026916719624
1.61697997394725	4857.271382886451
1.6230322172779157	522.783586262929
1.627687939410919	-1760.1017124040518
1.6297685432311295	887.7655201387824
1.6354999727182156	-714.1045228702424
1.6401233700447624	-1651.8011523126042
1.6425634763748016	4803.551976523886
1.6480473358903158	785.1686202686979
1.6526006150947778	318.5904788172338
1.655363548569121	918.3288200960378
1.6605599522451937	-3698.935431426158
1.6650446031498942	-2453.2197043926863
1.6679280668692764	-6064.944313879067
1.6730225989848533	-1036.292950747884
1.6774970750335907	301.4224706936802
1.6807642739609316	-911.4425408325332
1.6856129774094006	2719.019195822388
1.6899665251339495	-410.2678266092553
1.693719652391685	-9848.79381627959
1.698119510891727	-309.1273831622384
1.7024383323097618	472.4318654203671
1.7064509082526618	-14646.20031403014
1.7105020057212528	-3092.168781314045
1.7148310379794909	-2518.075561545324
1.7191498170265267	-12723.415972899356
1.7230214145909268	-8566.714793040708
1.7271976414353694	1541.156952546764
1.7319689090450685	-16472.62420443163
1.7355167079666027	-12181.070038563545
1.7397379262035746	1083.3813397945487
1.7446562450521248	-19460.374176373614
1.748005000995102	-15801.917809520031
1.752201660757208	-3984.7216472270375
1.7574632892879791	-13789.610176643066
1.7605555801336967	-14927.218678672652
1.7646253855762462	-254.5542155370058
1.7704698526945486	-17471.016691594734
1.7731309983777102	-16375.270892897504
1.7771094680386643	-639.7821425751608
1.7831386932008275	-25045.146437394786
1.7856603501944155	-19520.137844583893
1.7895520395111602	-2169.398866146599
1.7957737986218345	-20669.071864450845
1.7981409455179345	-21666.074764347635
1.8019804418806225	-2521.884746325144
1.80869624951329	-22991.49386872811
1.8106264757116712	-24140.70850949679
1.8144664811148803	-150.82687874650583
1.821439742080976	-28685.74047579462
1.823201853565105	-20782.457368674804
1.8269474449371164	-610.201003617316
1.8342965802089328	-20431.63308617659
1.8357389004654607	-24289.78025878861
1.83929480037644	-5628.126626774465
1.8471357203289125	-30777.14190671197
1.8482342080308916	-24349.03502878762
1.851714773370461	-8301.171641100169
1.8596905457127968	-30127.47383407521
1.860728814830927	-27176.680385444983
1.864292966108498	-10163.880223696351
1.87253879222728	-22870.383231867745
1.873192504105442	-27670.91706582296
1.876706916685832	-18457.3559094253
1.885472402164591	-30043.366022681847
1.88568793377012	-27794.270102398616
1.8891412317203249	-15141.50307535479
1.8981042371994412	-33669.19511686062
1.8982010757747916	-30503.09119880176
1.901666069294704	-18172.81216486488
1.9106557513416376	-31431.93220773828
1.9108822332633664	-26442.808228700716
1.914113140859269	-19235.118038606102
1.92320224406142	-29484.34090776823
1.923729059073255	-32516.995385076967
1.9265681932093448	-22658.48681444713
1.9357672938269268	-33003.847977845086
1.9364010610569848	-31785.12026087544
1.938984497133432	-22742.42788984065
1.9482653919031472	-31796.02361439605
1.949270325920651	-29101.747344922333
1.9514872375803476	-22759.809140781028
1.9607422130108547	-35586.7864868645
1.962161840350372	-35807.811647318216
1.963941830636	-25197.69150921356
1.9732322410062455	-32276.057437900832
1.974757571665424	-38316.0503840055
1.9763011255068528	-25348.107441724656
1.9857902858658143	-35958.37413626394
1.9875344500320185	-30662.009378162853
1.9888001580662689	-25573.74944407094
1.9983148558789603	-35946.495779235
2.000454955143117	-36563.521325510286
2.001244002650975	-28108.254614451464
2.010823924891568	-36769.93467358183
2.01314149280177	-37176.01317550096
2.0136988289722506	-24994.8999021214
2.0233351654120297	-36300.45504995805
2.025957206807173	-34658.54130147491
2.0262199462634918	-28044.23734100102
2.035827100041751	-38255.218048266805
2.038651227628256	-29131.79652174987
2.038763009604522	-40607.23230442879
2.0483119280529998	-38633.32494256593
2.05110364837539	-29925.765605374123
2.0513756877107983	-40442.59824194078
2.060854578216237	-38105.52292067348
2.0635229881733097	-29446.751483190776
2.0642547578666277	-34193.74527282093
2.0733320155029955	-40284.00323076206
2.075982530692096	-30494.01257925181
2.077221687926859	-38296.97351044029
2.085808410152864	-39801.427209617046
2.08846733502881	-31853.10530819159
2.0899043644720705	-43082.86936479792
2.098362441559782	-38403.0287153137
2.1008711705254446	-33092.67415555887
2.1026789517393265	-37002.985119934514
2.1108860668949467	-40890.58471169637
2.1133495516646046	-32267.64825090152
2.115404512798112	-44258.156227281725
2.123382787849861	-39586.12854966565
2.125785808943786	-36478.09402990612
2.12815605818633	-38454.87142093363
2.1359003973045487	-39744.37503297156
2.138193493781542	-41022.00439209223
2.1411139991077666	-36937.41137472895
2.1484316572259328	-39888.93505777189
2.150714667422008	-43677.18073364929
2.1538941453134224	-44491.6299020398
2.160968122824836	-42687.08629925281
2.1631823580165097	-49291.18043044917
2.166605407708883	-40186.26678343897
2.173456840096577	-43462.79617833236
2.175640688756861	-49154.80019840418
2.179383510833361	-41102.19723318657
2.185977942764472	-41721.15631655374
2.188122239626412	-53014.97426442304
2.192148692490224	-42694.759572606505
2.198464539160868	-46029.39194573084
2.200526396082567	-54049.619416605245
2.204937900884493	-41767.08542716579
2.210932452414501	-43849.860967097775
2.212990031708019	-55627.01073212465
2.217733924517198	-39940.50752958155
2.2234532470473285	-44321.19915327194
2.2254306105014754	-58886.55484040344
2.230521065220452	-44873.086453781725
2.23595420359896	-45287.9717861831
2.237898458780155	-57330.01938035266
2.243257205838971	-44354.06698853528
2.248480090358333	-46719.2767315704
2.250344852292727	-61475.422410162704
2.256050143739862	-40650.73569318859
2.26095545755509	-48500.49216277612
2.2627659400389373	-60435.71958869296
2.268864728319991	-45254.46640277779
2.273472085304031	-56093.08046537743
2.275284668748546	-62350.634365238206
2.2815939241277694	-44736.57550510208
2.2859734289472726	-56562.437801426015
2.287710359524345	-65875.89584061987
2.294350829249552	-44061.640971336165
2.2985529162003595	-56130.01081356604
2.300132321855336	-65229.290208235325
2.307137876602257	-47355.625198863214
2.3110432905541143	-62616.63501317073
2.312668422252349	-65009.63378557956
2.3199939277725923	-54187.95154098861
2.323531076255806	-60858.59146458353
2.32509182681087	-69700.72308854175
2.3327589627398906	-55393.97500237053
2.336022703880397	-63198.514037613655
2.337525248663692	-67764.74131709692
2.3455064197401567	-60573.78371734002
2.348527074678619	-64457.17420054106
2.349968464306795	-70613.19707367083
2.358275738997348	-60654.99345028718
2.3610796734978394	-66004.24711957158
2.362409386109396	-69931.61358182385
2.371100774439231	-61139.70023890432
2.3735261824396674	-68778.53278826344
2.374852750568828	-73540.63499793911
2.38387004317796	-66006.89457440145
2.386073033031861	-67156.902677116
2.3873071800332046	-72315.5758435746
2.3967296460281453	-63678.25520070626
2.398581497432528	-72946.09090715536
2.399851665711587	-74186.62373112103
2.4095367394102123	-67524.26122507812
2.4110606196561992	-70565.11543815688
2.412242580556838	-77638.31251505647
2.422201174604683	-70208.99552350832
2.423634575542448	-73883.25149589972
2.424648359852077	-75826.03887035068
2.434960664921191	-68830.78704176261
2.4361050494641887	-75255.91848066448
2.4372122264589566	-75941.00705230537
2.44780680385336	-69394.96714079096
2.44862216116904	-74910.3704389345
2.449667498172871	-79680.67602872616
2.4606114585134677	-73652.60952515143
2.46120187397805	-74971.53981937349
2.4620685342563244	-79634.83478019363
2.4733745583585	-72877.07538784559
2.473705182187271	-78261.98758197234
2.474476253012744	-81056.19164464188
2.486168728574845	-73181.35577073168
2.486185432877285	-79451.9451648512
2.486960325370445	-79261.90090255036
2.498672577955117	-79285.79215905152
2.4989504587999174	-76910.81444872473
2.499421616514901	-84337.04402570866
2.5111877941594245	-79653.25445544333
2.5116523176061114	-77488.92842017804
2.5117944864056048	-83368.49432248535
2.523717521608912	-82381.38315521501
2.5243010986806698	-79442.2947521633
2.5243293699306104	-82019.67731383588
2.5361677070084574	-82454.05469669489
2.536780683549084	-85177.81666815709
2.5371653481381085	-89920.2429884274
2.548690515030616	-82720.68855237772
2.5491335112768647	-94060.2342309573
2.5499527412842387	-92138.41654854888
2.5611791990995387	-85473.3369165872
2.5616427306295506	-96450.65287534228
2.5627482233101984	-97094.21933421324
2.5737143507554388	-83869.01847482778
2.5741701188522144	-101752.0653896034
2.575545784439182	-99452.99512074055
2.5862986334699194	-86412.38997906417
2.5865973028124336	-106172.37852674488
2.588372568258853	-102899.7558331284
2.59863044459654	-91687.48075179642
2.5989057021708235	-109109.62075269214
2.601092734167407	-104053.13264069204
2.6112156289531927	-96527.13161406714
2.61140439368294	-107306.26421690096
2.6139393546369702	-105052.31925564012
2.623800414201805	-100127.80682305264
2.6239914362535885	-111155.10576476873
2.6267969527276027	-107312.23884715358
2.636284022103689	-106169.98519921213
2.6363519397944164	-113721.79930406885
2.63953703507484	-109111.53889537085
2.648770620805384	-106761.22585820348
2.6488679932398527	-111936.66795826318
2.652304152195876	-110959.22456374604
2.661329998243384	-109392.96572755072
2.661389272607908	-116137.19149330676
2.6651148347553657	-111364.13427801956
2.673699231311012	-118745.18820958798
2.6738384135802176	-111567.08879469582
2.677887780726098	-113546.1302710984
2.6861271295807145	-117408.80331443674
2.686298804327298	-114099.84151943958
2.6905188023607463	-116433.97825021434
2.698672941567442	-118220.49416503792
2.6988296833060823	-113724.12687191222
2.703338543856939	-114209.45717469804
2.71117604553611	-121042.24112863136
2.7113750616045977	-117255.85775045118
2.7162926858755894	-115787.9687733532
2.7235078172697142	-123059.2675188049
2.7237583094799995	-118812.12401715633
2.729011998313335	-119605.76089113324
2.736002660023209	-120508.47165274534
2.736313389078304	-116922.91933230271
2.741769648130713	-118991.67203969928
2.74858419986578	-124578.7719508328
2.748932223601348	-120706.5944424105
2.754605234104304	-120214.10215281932
2.760865448555505	-126584.9531758643
2.761371280776794	-122203.04083965646
2.767294003981033	-123855.0586556195
2.773333064128858	-124932.81227199812
2.773862227904328	-122241.2501955228
2.7800069609511184	-122840.2324833876
2.7858969691089057	-127947.04769953548
2.786404387194756	-123046.18490582176
2.792934029527658	-122646.1381044627
2.79828016077924	-128801.6807051796
2.798891604216025	-125375.74979223064
2.8057281850702127	-126252.88377479436
2.8106838599564203	-129171.33368091928
2.811399801288036	-125729.67501682912
2.8184492375266315	-126186.45089352196
2.823216858783916	-128980.94449196172
2.823925735286415	-126490.43809967504
2.831208467949384	-127800.69038492384
2.83571442547474	-132158.80281723494
2.83643958226691	-128729.1363890534
2.844017916624805	-127670.98019519149
2.848084330568246	-132831.9977002953
2.8488485520953275	-130264.93155680817
2.856870540939801	-129185.67593735812
2.860548350580748	-132395.8454296777
2.861377840399553	-129110.73624393612
2.86955007472934	-130478.59062629228
2.873075593134732	-134423.3219467047
2.8739853556427	-131499.14603276728
2.88229643572838	-131509.47382664494
2.885401617261871	-136149.84203547478
2.88638813740349	-133038.2287713557
2.895098900121006	-131425.89473791764
2.897878254885596	-134836.29326421442
2.89895659273456	-131571.0316822377
2.907877100861372	-131839.77475243722
2.9104443106731144	-136774.6069255494
2.911574893936947	-134263.2901575223
2.9207100825448173	-133473.61875645886
2.922813268206729	-138434.06043787018
2.923995932601447	-135648.96490567643
2.9335794348218704	-133509.91787852236
2.9352627916358385	-138263.88773830823
2.9365330874765845	-134557.6570844917
2.946311490698207	-135096.9822194213
2.9477728222698865	-139083.63113501144
2.949062028459111	-136823.34440041063
2.9588998600332914	-135723.5088062472
2.960221124252338	-139987.138158758
2.9614954592341123	-137836.97603984427
2.971801775278647	-134019.18392685373
2.972625928611776	-140900.27126479783
2.974042090535893	-137635.74061991728
2.9847094748078487	-137006.3562921961
2.9850862211359948	-140046.22474472845
2.9866397751284044	-138045.35417511518
2.99735561377264	-137375.77724774994
2.997566925525061	-143356.07276673152
2.9991651476917016	-140271.4171314038
3.0098838153027425	-143742.93543880092
3.010164493851375	-136281.824248543
3.01142782339688	-141790.3942359008
3.022415072134131	-142058.9962056225
3.022977700324869	-137314.36906859349
3.0239363820593117	-138715.36329773773
3.035024555976115	-144342.91087278278
3.035724493232455	-138949.38946084375
3.0366399838026257	-141300.79480117146
3.0473741047105145	-145727.48330121412
3.0485072184373543	-138426.27575035134
3.049046265715976	-142521.4678659966
3.059845217446932	-144185.50330713802
3.06135178508468	-139050.51534227742
3.061589446526453	-140761.021132426
3.0723264069743084	-145010.40963956068
3.074064358689064	-141119.6967587879
3.074167906353853	-142561.62819494068
3.0847121281449272	-146255.37383392133
3.0866128077470467	-143531.5307434952
3.086804296550368	-139807.4884486933
3.0971532238011266	-146132.79334851596
3.099202733194024	-142941.86555733485
3.099653445671509	-140663.3621693031
3.109679287917141	-145953.65869659782
3.1117384562475925	-143980.1246712641
3.1123551096999456	-142484.38787600616
3.122173472283352	-147405.09499145806
3.124164941598574	-144847.17897001107
3.1251439503989378	-140596.99380600295
3.134405779460795	-148832.7668920675
3.1366911943344467	-144782.5470690977
3.1379804475012065	-142236.79263116542
3.146919900793278	-146395.32231056437
3.149240718981484	-144932.54322242716
3.1506414853434954	-143594.5473515932
3.159545246688332	-149186.94639587798
3.161784422505172	-145853.94369899703
3.163467001008319	-142587.54847521527
3.171861317655291	-149909.89912619675
3.174077197127036	-148487.53691576218
3.1763426669025563	-143733.03171031413
3.1843495538688797	-147777.769206053
3.186607809645433	-144900.3796481738
3.189091426445557	-144357.8383070271
3.196878904602407	-149324.09359850542
3.199342237589998	-147616.52324341063
3.20191453769197	-144052.08564451922
3.2092551758901484	-150085.88337850527
3.211693063427975	-148849.81775617
3.21471608899058	-144740.37806589
3.2216969913438	-149623.9950429738
3.2242042547078373	-147354.85087357217
3.2274228475623894	-146522.79194965697
3.2342180580964857	-149149.8579896047
3.236805985780643	-149456.14748038506
3.240242621554373	-144817.1332026174
3.24667719709624	-150608.1485874891
3.249239970709234	-150131.69564052165
3.2531028039175296	-146703.90164809924
3.258941981082172	-150835.780869988
3.2618061097053896	-149218.4790102828
3.2657124306468264	-148209.86764621918
3.271443457835214	-149573.3653116746
3.2743783881501165	-150134.56274849703
3.2785649079079544	-146084.60980575587
3.2840168530363774	-151387.04565415307
3.286804546288941	-151376.55846862734
3.2914823605936854	-147638.0329045257
3.29638092669634	-151488.97391484512
3.299283101034045	-151282.64311784765
3.304091502004552	-149288.72718506222
3.3089251558886703	-150659.33717764
3.311861457169917	-151174.07119330295
3.316900357215012	-146808.4724766985
3.3214688618766357	-151598.19131852355
3.3244020824081435	-152271.8408125487
3.3297846554526367	-148490.81468899443
3.3337712617820223	-152978.53614027015
3.3366681353900223	-153502.4497748628
3.342457013901738	-149430.11786761443
3.346220696378472	-151174.92662225384
3.349184055002826	-150959.5788661228
3.355290168361646	-147938.86471887265
3.358793065580695	-152246.013629205
3.361899594772405	-152995.7609970954
3.368098427254369	-149808.49847799592
3.3712356775583388	-153036.24281151616
3.3743024995170323	-154183.6072834942
3.3807232505358367	-149874.0001289961
3.383461212642375	-154153.02570915053
3.386870693002319	-152556.6603930551
3.3935391974689804	-148874.9269272324
3.3959425953522016	-152062.99181173914
3.3994718083292903	-154530.80264676549
3.406413886689549	-150215.54653034676
3.408597644453171	-153531.35726434417
3.4118806162249147	-154521.6422083482
3.4190977375822373	-150952.52752116058
3.420936115803438	-154944.20360524068
3.4244481270747573	-153802.94251939576
3.4319888165197114	-149322.0279328996
3.433437968200684	-152635.82567318407
3.4370121821898287	-154814.46358432024
3.444770501198477	-152001.61125952343
3.445996773063441	-154342.10012135011
3.4494389925730347	-155767.01206477603
3.4573867315283118	-151690.2073304254
3.458279882045454	-155895.6631058214
3.4618751176608846	-154930.330284564
3.47029218049539	-150806.9915453989
3.470740966760235	-154459.27878276518
3.4745052808721355	-154352.33138614777
3.483170068835858	-152525.70327996966
3.4833534108838764	-154702.51965969495
3.487061332372776	-156496.66593295895
3.4957985029284906	-156282.06469426933
3.4958180449870677	-152970.92647019663
3.499350901501914	-157076.9339967416
3.508036362263735	-156790.32248273364
3.5086219908418075	-151297.7333206801
3.511891915719223	-154892.66272981858
3.5205051685704776	-155331.16773390482
3.521496080733667	-153126.78334609515
3.524549708035685	-156135.08384333746
3.533133818479405	-156620.50515705266
3.5340640535971786	-154171.0059985569
3.5367732606150795	-162559.12155994886
3.545470217431134	-157143.84523623608
3.5469775681663074	-151363.6161946601
3.549341333253014	-165597.33133795287
3.557999039499788	-155846.04134756973
3.5599308759535924	-153662.4445310432
3.561873632987372	-168610.62903006517
3.5705830349610927	-157059.24262269275
3.572478026424115	-154822.5050950344
3.574343893093145	-170826.9320844311
3.582862162245834	-157818.14892303903
3.585316191820248	-152886.76515998607
3.586932965430051	-172094.97411743845
3.595133856518358	-163221.12759506903
3.5982502817282183	-154221.295792271
3.59945072764633	-174580.65654454066
3.60764564619822	-166925.48366633136
3.610652299537093	-159970.73927340415
3.611946791762741	-175700.11524299398
3.620130966448134	-169488.8489545033
3.623453700439233	-163356.69433974824
3.624550910826856	-177068.0804036099
3.6326342091875614	-171714.502838735
3.636264982805925	-166129.88355657415
3.636940262864987	-177975.39586597175
3.645031185903933	-173830.28795734682
3.6490848589149305	-168494.6540361164
3.649466155487471	-178228.09717167067
3.657417866134873	-175016.23191932737
3.6619055149978266	-170343.07221074135
3.66211102729672	-179215.5772809646
3.669933886214813	-176820.91673629626
3.6745809266334257	-179936.6647701564
3.6748052820445536	-171680.5259317655
3.682495653026401	-177537.57514471645
3.686940446167114	-180966.85535921788
3.687623194964808	-173836.00787521998
3.6948947288052314	-178705.9497968141
3.699543150537856	-180817.4345992046
3.700224575336109	-174765.17408636297
3.70721339900085	-179497.63826683906
3.712206642057519	-182039.92139453
3.7128958376143135	-175459.90640618338
3.719714005459456	-179785.8736349521
3.724601673482575	-182598.3742397153
3.7258209428275135	-175712.07255304084
3.732264426609933	-180873.41756348097
3.7370482025102154	-183248.4089131833
3.738642642328646	-177278.08470739593
3.744723404886737	-181158.5731894197
3.7493811011257567	-183836.42610502892
3.751253766402181	-177522.33794911273
3.757226752452852	-182159.5275265269
3.76208811560715	-183852.4128110558
3.764014023755257	-178257.81549302413
3.769529819073204	-182702.9805874485
3.774811041976192	-184495.19898390843
3.776837702885115	-178866.33575094142
3.782021259648424	-183111.0748918514
3.787200979489487	-184703.74493624576
3.7896801502791377	-179533.1783624504
3.794565562807418	-183785.920946636
3.7995559544317214	-185044.848335668
3.802566007358612	-180179.1652204975
3.8069934969833	-184207.9439692488
3.812043690322225	-185130.0798839045
3.8153805933275553	-180497.72624833608
3.81942108577045	-184928.34757881184
3.824780220610099	-185411.00931702708
3.82810278700312	-180892.22526481323
3.831669707258914	-185343.91465620705
3.837325127352326	-185799.51915166955
3.840755910359107	-181225.7446701008
3.8442687095955	-185896.40743825672
3.849638463111293	-186007.0478118304
3.853696236683919	-181111.15431211947
3.856861413394578	-186432.07823255952
3.8617371587918776	-186450.4030588182
3.8667086808084496	-181673.6180832963
3.869041988299744	-186637.3194862204
3.8744126940548855	-186316.29946006843
3.8792061511582254	-182139.2898325852
3.8815396257684514	-186864.2895293936
3.887437682924292	-186716.53185039965
3.891960485138962	-182109.2096642637
3.893965519252721	-187060.27242466484
3.899912880713226	-187016.32626327695
3.904983325086667	-182436.47602517795
3.906471095660809	-187287.71836987505
3.9119101822775937	-187252.4171730803
3.9176964557778313	-182834.71088202472
3.9189848365864783	-187591.97947689245
3.924333340060445	-187305.47658009743
3.9300210126105073	-183116.30421370783
3.9313751290744494	-187868.30877799823
3.93733706615779	-187665.167110482
3.9428831252008334	-183152.919357125
3.9436632920842367	-187993.8406938066
3.950124740231474	-187890.51776949075
3.95602207601764	-183494.6174562442
3.9567662142618207	-188186.4137836409
3.9620293663631423	-188108.02379749005
3.968399464251655	-188467.9364983301
3.968466311825944	-183859.21456534803
3.974753920889553	-188205.73348199564
3.981436973060548	-183839.92614868228
3.986476371203687	-188484.69965782564
3.994633312771369	-184141.85419794207
4.00701264135544	-184479.1457009312
4.018815198838962	-184724.46239149256
4.031947133754788	-184786.045817034
4.04538901537814	-185096.558961616
4.058563693725037	-185224.08550807467
4.070287216964469	-185491.510701772
