0.0093911257168375	27002.621963178768
0.0113839525703529	-4303.042286320211
0.0207346407965857	6089.169039126136
0.0238964936870697	-3258.7898945731577
0.0320684156056598	-787.2653907940548
0.0353830864205875	-17618.232472987875
0.0436637678967911	6905.25320737611
0.047723161058791	12228.98334882938
0.0555402047537806	3048.7640829737065
0.0604448739568806	6000.077646747901
0.0674979231814355	7144.380074716319
0.0724377422456858	-4426.85727179129
0.0793733849934627	-5091.270390086516
0.0846322988192596	348.9911503510957
0.0909715747764507	2095.5130182345456
0.0967591200224639	4319.136136395158
0.10293942666652	-989.4493931963516
0.1090325037586929	-371.1376677398802
0.1147035238449903	-3201.6244609185087
0.1208304307395513	-9270.194924904092
0.1266508921032902	-16.98470302321948
0.1329802702727992	17321.31419032585
0.1383596764432939	-4549.396755944035
0.1456418956743923	13793.302038893831
0.1503412058894221	-333.53322139114607
0.1579592059882528	3969.933451301069
0.1621024966508021	5911.744830592652
0.1702010635351628	533.3294711279159
0.1739119066820322	-5110.751788576366
0.1823376171414865	7407.354298432561
0.1856670534884249	3527.774368141778
0.1946833113387205	8734.825189833588
0.1978374669086011	6178.592605354614
0.2067627365895243	-4567.15498642376
0.2096366002273864	-5161.487589289609
0.2188323685167518	5598.070236391941
0.2213241630643887	2454.044121740386
0.2312797986822861	5572.745541582815
0.2331458394181889	6191.594150483521
0.2434500259774716	1488.8665705478052
0.2452727980173684	11754.666009578415
0.2555732585671109	-677.792677937483
0.2572683876314939	-1608.269352997129
0.2677412000425911	5996.19797511748
0.2689708619037018	2162.7036453863257
0.2802061512036307	13898.14770467495
0.2808302220827787	5901.383844588709
0.2925403830931207	-1106.7528932104178
0.2927259175350321	12406.321164159192
0.3046408609163346	8794.428441758908
0.3048225286686243	11315.71320777561
0.316682203997887	2255.4284173328488
0.3170527352374213	11115.816207305092
0.3285235688229443	2590.9610707010725
0.3292219352581587	3896.328390618408
0.3402117115984204	3060.752931007853
0.3413263602610427	6722.318807308999
0.3521654623087077	15459.059248440462
0.3533740000274401	1699.8453769519692
0.3640172400685884	7150.963675089006
0.3656780474689681	12447.258767156103
0.3758255132462891	4755.937412604835
0.3781133753633133	6325.812889907946
0.3875416843636919	3268.582758514764
0.3901850587054843	3054.7774052370514
0.3994746712351914	15596.91193269231
0.4025654572574067	15624.950750661548
0.411316668052636	6190.244600375736
0.414868152143274	8947.842300705932
0.4231773792897545	10870.472713519235
0.4270776631387203	16485.25600396868
0.4350331595834918	4971.87481323909
0.4392276117694839	9089.958709055238
0.4469429650633367	11895.72930643175
0.4514549127423663	20191.438668416697
0.4588970311297725	9811.646845747222
0.4638174356123729	9020.691172783583
0.4706550447073863	15210.331601628915
0.4757303386028073	10806.406869334603
0.4825342930876438	13980.7803990767
0.4880251068711423	32622.14353187848
0.494498710544928	27128.358697282005
0.5002993093701572	16871.511694444926
0.5064404154516937	25650.586205703963
0.5125716948621828	26640.02028710869
0.5181571958265573	19971.081838465383
0.5249044239012051	18430.28855892198
0.5300630741471648	28382.801630372294
0.5371602340737046	34887.36476684571
0.5419330217395413	23832.43333612723
0.5495641527692162	25770.34562841954
0.5539358865715575	36764.20252929043
0.561558566823347	26478.635199308483
0.5657829626368309	28744.5026526248
0.5736910601695279	44069.0746772133
0.5775929922904389	34775.346797582984
0.585914553584549	38328.05002359767
0.5894296689345997	32350.942901562
0.5982324024691007	46150.56785224378
0.6013330006086971	44450.244726172095
0.6104952141404919	44497.24496995073
0.6131930839031147	30473.508690394927
0.62270665747532	67453.47083585223
0.625039235396549	49142.55142605244
0.6351708275754568	57197.31930964516
0.6369066125498384	44104.75635369492
0.647249533764966	50062.4410200076
0.6487568693378619	54876.2105240002
0.6594341328117637	67317.55863718365
0.6606933278755527	51215.4046414574
0.6717258853372349	60645.60723034255
0.6724855641071578	56835.50462746268
0.683934696727905	66613.7205203425
0.684358625534821	66629.78524879017
0.6961231543093729	68055.54234797176
0.6962488141388853	72122.87173942747
0.7082209510634486	67414.83587260632
0.7082959732264559	77472.36630376853
0.7200088904851015	72080.66406313994
0.7206858351379571	79529.28427484256
0.7319013411841893	77218.07582588235
0.7328724602210454	67583.5850015539
0.7437872238839678	74240.69465650187
0.7450531195585477	75828.44000716615
0.7556980027728574	71197.14427790555
0.75737493118254	83102.64261780962
0.7674534597995928	78678.14621595351
0.7696328808885381	83722.17212813586
0.779298121952377	90576.69394856272
0.7818923368923307	76734.9044380358
0.7912181702611178	66342.78020716805
0.7940381716140654	70421.68704727018
0.803050380415267	82763.68725509598
0.8063126449996877	85774.48864795943
0.8148159210938988	79817.64589398017
0.818441886682593	78481.85322975018
0.8266491135553888	91843.66004282577
0.8305959140689558	87015.84445136244
0.8386731775079053	91874.18963330376
0.8429762038847322	79561.96521369703
0.8505884172073875	89476.11013140151
0.8552169449368358	83318.72704971532
0.8624551224493164	83863.47935662387
0.8675065656042689	91108.45593552684
0.8742531160080835	93371.77231315016
0.8796811695644272	85845.85441371336
0.8862122188909539	80034.49752252799
0.8919901532960901	93110.08532366416
0.8980998765313346	76635.61156535053
0.904234072881514	73402.80470335955
0.9100364295369748	75255.87182465705
0.9162646678870884	72164.61040007026
0.9218016672292324	77475.5944441371
0.9285668517895556	81899.48288038542
0.9336865424941172	78863.34469547239
0.940829773702042	77002.04469455944
0.9455554843037364	75564.74677015445
0.9530851288612726	68859.14951175294
0.957473117512182	77712.0848462439
0.96526315594834	64412.85115018429
0.9692963177451832	69265.259387345
0.9775598454478374	73770.67849774324
0.981053049124712	65655.8310449849
0.9898798743430556	63814.34416205352
0.9929285841398292	65089.92689099547
1.001984576404941	65564.21955286423
1.0048298512591942	69314.4889187809
1.0142503203537392	62641.92551200645
1.0167362821811103	64815.41803614199
1.0265422229904209	55632.72302525485
1.0285381909542386	61489.12459568598
1.038808333769939	52132.34073871045
1.0404388218584453	55351.9984399734
1.0508928323113182	44505.14016233685
1.0523317618982062	50767.65820236568
1.0630944256653163	45189.744976409536
1.0642065517818275	41233.10428738088
1.075438995428227	40028.60752767197
1.0759849338563918	41703.01130692186
1.0876157770314054	33967.01036267646
1.0879591506460091	39981.18166052111
1.0997816696304792	29018.595647936017
1.0999515770335986	40351.83681466
1.111637127529628	29000.78830115896
1.1122386244793625	34455.14704673234
1.1234829790135628	29365.250120927813
1.1245044056404043	31023.78549836829
1.1354691908809678	30336.18036719304
1.136596639887308	17697.92892777783
1.1473605633474322	17951.90517875529
1.148764702751084	31796.79700497189
1.159217369514688	23403.92046297298
1.1611278923671182	20312.14031161819
1.1710515386925653	17650.07768504703
1.1732364599291891	16140.324942198757
1.1829302246418103	17985.46128407528
1.1854406702460447	17595.624321432755
1.1948315058071162	13735.285073816922
1.1977239031881313	16230.118709114846
1.2067011259958351	16302.832441301842
1.210061032894427	13279.668786147697
1.2185985544615965	9862.988554457668
1.2222721318601608	6950.671402402426
1.230366597500706	10783.656325006365
1.2344560885630365	14087.347186966392
1.2422628949280112	13305.808020337834
1.246794712147684	9877.953399976366
1.25409093865497	7740.064440782589
1.2589651013520615	4758.459310521197
1.2659638543425564	8855.977906881511
1.27119175736706	5232.654083166388
1.2777874700117269	5900.835697201896
1.2834397208396269	7035.690966666443
1.2897350934483152	8271.112497397262
1.2956583247218276	6274.653380526754
1.3015644798852488	1295.731540317793
1.307862808868279	1320.7609442885732
1.313449000476474	6339.436565359152
1.3200508923974432	3760.263497977372
1.325316185373723	1388.0910506960936
1.3324291776919284	6477.146953264135
1.337203337140744	3032.405717013084
1.3446897725129328	1153.5796606900983
1.3490736514490211	135.41616381407948
1.3568353940066242	58.06397613196168
1.36090809681192	2057.547703984368
1.3690875243894338	3333.782175270433
1.3727659288446397	703.7077038703719
1.381358877976092	1720.4128237004045
1.3846993142362365	3294.9131421588245
1.393580169467343	331.40017124731094
1.3965855735972552	-2299.7799319548067
1.4056946611839134	-1422.074199908413
1.4083678358565914	682.4364165102015
1.4180038668363109	4184.335312668467
1.420252385404398	-104.85334692511242
1.43023862265587	-2738.0713900754927
1.4321774288095082	1807.949600429012
1.4423868547709986	-2130.350414887711
1.4441298014299502	1860.0515083313512
1.4547138307344325	2508.946071623592
1.455922920382528	-1772.6391650879232
1.4670201247445802	1440.0233189998544
1.4678199097400064	481.795885863743
1.4793040538963718	-490.6264135099482
1.4796710280633818	-3317.1703767237777
1.4914350463390482	-2441.9310068128107
1.491599266253117	2869.264513115515
1.5034294634619692	-3742.6435556627994
1.5036956490893207	3623.382116933644
1.5152504277139416	2208.615995887114
1.5159218778416612	-1985.2046842515992
1.5270890493587534	-2231.991393123026
1.528059570235299	208.30723159050103
1.538983715348258	3075.634364866448
1.540310554729572	-1526.0998531219084
1.550854101222111	-2488.1309934596065
1.5525549923589967	2681.904468475899
1.5627004309184371	1960.007138322864
1.5648643005256606	-1097.9792388485805
1.5745807720761464	-1842.4091668960464
1.5770420606374898	-2344.7249084248906
1.5864479681507502	2813.250076390192
1.5893516609827054	4317.867456157459
1.5983698788757117	-1635.3246254813566
1.6016249713458308	-1012.3368492039444
1.6102092156754442	52.27530317756464
1.613776575455245	791.3825017918425
1.6220927129881546	53.64113114582142
1.6260313783036535	375.9485314794874
1.633949239597763	596.6027778119023
1.6382352949596206	1427.732011715212
1.6458739062523011	822.1424122632889
1.6504898563388275	-2186.117034307623
1.6576701747748623	-1349.8260933506826
1.66264472788741	-2812.9961599013186
1.669554284700556	548.8177750967152
1.6748964722706203	3162.8523529530503
1.6814398345213646	-1909.5393166244608
1.6872006473915748	177.868364060123
1.6933191855098884	1185.8860104799096
1.6994258599498926	75.66628141340334
1.7051354792755966	-3342.2495743278123
1.711712233571134	96.52104684780352
1.7169952375306183	1860.0027455408708
1.7239553389814708	124.62557767686668
1.7289316957174004	-2835.4978245518287
1.7361957920067264	-462.0606082055019
1.740794594107997	-904.2651405222132
1.7483038089247778	-2647.6149813878874
1.752620112459689	-2495.484474105353
1.7604755613828762	-591.3601740954327
1.764478646055124	2241.931643766875
1.7728001552923505	2471.0978136394697
1.7763839684745062	-2874.0984331925865
1.7850338387786946	-1489.5573376317045
1.7882550204176086	3085.1316716904403
1.7972765473682373	-54.94932255058666
1.800191563256572	-3294.867634656781
1.80952739236628	1130.2217371505394
1.8120085530669567	-378.3364993832365
1.8218371999579688	1713.9630595289927
1.823878477339847	-1932.9003447899304
1.8340550141219385	-2852.316774268169
1.8357154872123551	2799.695144333178
1.8462183983326927	730.4241305399046
1.8476746026175468	497.1830232493521
1.8585293123595985	577.336498184508
1.8595256704935668	-1300.007010284549
1.870747947948616	-1555.515262339759
1.871366016847178	192.96544766711304
1.882863112971191	-3778.091528597637
1.8832113404973887	591.9812870428723
1.8950785555817675	-5807.239405305998
1.8951000795567916	978.9232257997792
1.9069631694060027	-249.1591082822997
1.9074067192734243	-5055.1739267417
1.91880861259418	2311.459695812169
1.919691830396226	-11271.94424731721
1.930649921734063	159.653180278925
1.9318644692959648	-10521.728893754072
1.942480952558122	3494.083476199972
1.944154654228048	-10537.03905860451
1.9543170826643657	-5712.107854184345
1.956412907138808	-13278.309830244718
1.9662202757792844	-4516.912700069603
1.9685947552495515	-15721.192593240528
1.978160661943104	-8365.578925964364
1.980768543347542	-15809.17523593508
1.9899941209136387	-11494.544493573749
1.9930072740738691	-16320.312932395287
2.0018689951786417	-13809.443921586004
2.005317657245376	-15884.616491384048
2.0137514627414586	-11356.225269906514
2.017492992157047	-18903.636015463155
2.025688788172413	-19529.4982664962
2.0297859090269297	-16554.245120443404
2.037568319124376	-23672.17191598154
2.042052904516185	-22036.59076314597
2.0493738060102302	-27446.262542518176
2.054234186592281	-23071.657843552966
2.061271733293282	-26486.711723725806
2.066453194406034	-22659.245148581977
2.073188609218277	-31533.848546466907
2.0787155016446643	-22032.66479965261
2.085048303810873	-32240.452250087477
2.0909515514142334	-29326.74433421342
2.0968854651441893	-35810.24446770601
2.103058011098244	-33344.50941179712
2.108706072010364	-36840.90607668532
2.1152991957539187	-31879.90136111318
2.1205250060871434	-39744.29676669784
2.12761768135601	-36411.476965614725
2.13240010432347	-38062.96388453193
2.139833561094256	-40666.31365535024
2.14430904145684	-43309.857085183554
2.152053038615678	-39729.04900555559
2.156164622839973	-43387.27704533955
2.164396993913668	-40395.07311155004
2.168004538014608	-44570.88837358597
2.1766891237446147	-44531.85903579598
2.1798913108260707	-44960.44591780602
2.188812939335574	-46566.13055241652
2.1917816024390424	-46765.0654912091
2.201002846877872	-45953.77645989557
2.203647815447072	-47649.717958249385
2.213278327744858	-45836.00526745063
2.215510424829777	-49390.33369857952
2.225523647599984	-50284.43510395491
2.227434309242501	-48951.29297083357
2.2376848049797102	-50650.00389997717
2.239290563739044	-52415.01909219766
2.2499636280133983	-49045.92688732832
2.2511103246052757	-53233.35451759736
2.2622785063400195	-51909.78929192538
2.263029364224013	-52579.61303850634
2.274484151248999	-53341.640654241884
2.274991324413583	-55339.51586156746
2.2867065292703224	-54354.28032511535
2.286847606270911	-55273.84860428274
2.2986283885407297	-57063.84397653217
2.298999322832314	-52560.93793487216
2.310464389459044	-56514.12112077713
2.311256304486363	-57337.98467318577
2.3224531451774024	-56761.008505425896
2.323361265304765	-58369.56884026945
2.334325457002276	-59216.93984345223
2.3355648134885025	-56421.8634124447
2.3461179555271183	-60224.92700906791
2.347847029880771	-57386.526176021245
2.3579437627556064	-60386.85554292997
2.360056797882021	-59774.21331855717
2.369817371008544	-60326.5005620514
2.372251522724293	-59614.99365850048
2.381726279247962	-60869.1345569532
2.384562619440883	-59059.18706658088
2.393573734692721	-62823.660261216006
2.39690833012044	-61244.380399525486
2.405405264529046	-63989.65340225861
2.409087314510558	-63952.743936496816
2.417229765766197	-64528.49471453368
2.421241466280547	-62722.640564455
2.42912598402613	-62434.66656423514
2.433526272988509	-61627.85005328646
2.4410654158582297	-64673.13982706348
2.4457940114125	-65889.23837109056
2.4529596061328345	-65014.9961453786
2.457927588027834	-65937.98277088956
2.46484153524895	-66087.96166965354
2.470186482906054	-64653.96013179692
2.47672673089469	-65867.53869037518
2.482470561536785	-67401.66789240373
2.4886048939957037	-67502.73113730039
2.4946408127750503	-69355.92270205278
2.5004877128998837	-68827.45920976924
2.5068564635763098	-68011.7527057127
2.512331020678393	-70145.00684999439
2.519186877011032	-67883.76818129726
2.5242220244093714	-69017.21809353554
2.5314909189348955	-70069.42905580827
2.536047614506857	-70374.41678812305
2.5436165504129704	-72249.40539150646
2.547834080858481	-71029.56787278163
2.5558345200560435	-69868.68839044445
2.559728996850268	-70924.34073571398
2.568141084549124	-71917.41392462583
2.5716839075958378	-71654.33035038118
2.580316413972553	-73044.33211842712
2.5835374451218187	-73363.7271944842
2.592469571827732	-73789.32397104742
2.5952902017164377	-75873.77077988829
2.604742419747765	-79715.9406461791
2.607114504538864	-73763.27697720865
2.617031919835545	-85080.1489562996
2.619093303595614	-73878.42353642583
2.6292115220239083	-88860.74398045031
2.6309967579579965	-74741.70475950996
2.6414837107184765	-88243.2359944984
2.642830218473029	-76251.71704540969
2.6538186276147084	-93356.68481778522
2.65467809036431	-75940.02364302002
2.666024228430395	-94973.55492085154
2.6666073524946032	-77491.59954380582
2.6782141753479856	-95113.70114874642
2.6785424693249054	-76866.797168668
2.6904156449193706	-78884.04069480173
2.690459844694	-96292.07456914932
2.7021418962196075	-80615.60903591054
2.702670847152819	-97955.51846254828
2.714008630199633	-87766.47225938569
2.714818108850181	-99742.91749697982
2.725919670172068	-87855.48331361453
2.727100607758498	-99048.28232869552
2.7379121781354714	-93208.60264684868
2.7394193624145387	-100221.27001587328
2.7496932590288217	-96550.30837572811
2.7516425477460182	-102471.12852407838
2.7614515310851324	-97896.82569198008
2.7637994100565897	-103783.30531964176
2.773382589979103	-98231.03835831716
2.776105132036541	-102445.84944559971
2.785332091890392	-100059.58094113038
2.78841474108334	-105803.9615232991
2.797149285714935	-102117.08106622302
2.8005155436234395	-106434.10958645908
2.808908660252666	-103044.9922595166
2.812775054847956	-106466.8287653683
2.8208407354349623	-102130.3171795759
2.825075825953574	-107650.40355155247
2.8327495769432205	-104602.9496322392
2.83725995418494	-109511.47554617566
2.8445639219401126	-104943.2357565107
2.8493894176431085	-110137.70672304396
2.8564263881012004	-106247.66936133872
2.861701165533648	-108899.47478957551
2.868359993314383	-105680.80405017277
2.8740335726901094	-111677.42493271908
2.880314506648425	-107311.28868056327
2.886164092386902	-112155.80845336386
2.892182505213454	-109378.10720613458
2.898397683683843	-112064.6735256949
2.9039685258592565	-110333.72750123969
2.910736072916322	-112501.65491113946
2.915870252941065	-109566.32159118568
2.923000699906077	-114888.68681141212
2.9278222720920857	-110124.1411789174
2.935047358817968	-116103.54741850082
2.93970589990668	-112415.341411734
2.947312972879516	-113998.26173672357
2.951428809831773	-113406.97723193918
2.9596621302772044	-116560.47077239012
2.9632410377955494	-113386.15506328717
2.971782374942233	-117779.70644281436
2.9752172759978395	-112928.34078085316
2.983980864080052	-117184.265485093
2.987182004534692	-114431.31557809576
2.9963315180754155	-117709.40843925012
2.9989535050824485	-116597.53083945462
3.008651538902258	-119125.28028203564
3.0106049320481763	-117820.34149060796
3.0208062748862328	-119741.65546842804
3.022517434168885	-115404.9034838246
3.033022346772434	-119846.9806739448
3.034582367052627	-118306.31688044366
3.045267436872299	-120763.05557481822
3.0464128866619187	-119160.46371592366
3.0574833327146957	-121782.41492236032
3.0581716725315315	-119030.2711726628
3.0696004514023474	-122590.24816185042
3.0701184350400994	-117962.09511697746
3.0819142661408403	-120669.32538708628
3.082144177201267	-120295.59623573322
3.0939853406265523	-121922.10482729271
3.094329533213352	-123085.30176959204
3.1057142723028552	-122275.52292091344
3.1064596467232	-123970.58184598116
3.117651177328409	-121615.54184789176
3.118649997311436	-123660.17788434352
3.129648617583552	-122982.88560133844
3.130927260618699	-123663.80321328684
3.1414591677932022	-123934.3999626666
3.1431635431480243	-124515.80053990854
3.1531974818064445	-125193.42230430446
3.1552754090484814	-126136.2187749203
3.1651423175154187	-124570.52612033134
3.167655508299824	-123514.35504862251
3.177137673610739	-125691.1478492138
3.180060602300002	-125612.95799564588
3.188917667215078	-127110.3799959264
3.1921253722306977	-126089.88918083656
3.200564620118676	-127224.6109642768
3.2042743445468647	-126372.38047497383
3.21250814049208	-126586.72076037206
3.216550825030211	-125479.93800389738
3.224500339538427	-127596.0938383822
3.228845403228884	-126878.56639818178
3.2363707207688623	-128535.91577029457
3.2410032993301865	-127094.67784553856
3.248093789712062	-128420.355519784
3.253321516072594	-125965.68207275808
3.259905040231454	-128424.91307679492
3.265691494263937	-127004.19052544764
3.271912135033201	-127765.552487366
3.277790520837204	-128503.2415015228
3.283945485098935	-129136.24720088409
3.289745407355227	-128429.37295531892
3.295775540243091	-129813.5543834461
3.302038964665773	-126563.71658177298
3.3074648806685665	-130469.78460854571
3.314531651592659	-127568.98439432436
3.319334829996062	-128285.63432420586
3.3267592220520417	-128695.89505963396
3.3314407663186487	-129808.01756517644
3.338925251940119	-128762.65547069484
3.343283194059973	-131251.40776928287
3.351212176724484	-128401.94469788855
3.354990360386447	-130718.27353095582
3.3634756554827807	-129594.74561146992
3.366910062173857	-130029.59914356
3.3754545402723477	-130204.72362064652
3.3788727870677797	-131337.94444449013
3.3877433013240923	-128460.45173367285
3.3907019183425864	-131288.6123689172
3.4001925506126374	-129540.69461909
3.402405775298807	-132477.03575086227
3.4123511190015026	-130887.66072349454
3.414328346509969	-130554.78689261668
3.424536429381624	-130561.27635961848
3.42603995012396	-134300.85816989845
3.43686181686193	-129820.87270234758
3.4379503884337552	-139674.65766707034
3.449138182414969	-131544.74737677336
3.4497347562495992	-140872.28609729814
3.461168077546851	-131786.98656912794
3.461672760557551	-142755.01221708255
3.4734653067525207	-130585.71671844753
3.4736550814530567	-144651.8919875015
3.485454312044749	-147066.7197794374
3.4858570638875905	-131624.49430113583
3.497128252770782	-148127.15821494756
3.4980422170502425	-132432.88045131174
3.509214889406959	-148683.71404322493
3.5100974915365706	-132683.46973801244
3.5213066806375157	-149986.68587936985
3.522326014913314	-131122.79239566516
3.5331775354555264	-150434.58059346984
3.534388519048252	-135689.29049987643
3.5450368816998923	-151310.67634390615
3.5468270598241487	-139153.39401427293
3.556795329383766	-152154.53592651774
3.5590654398747046	-142326.8785541398
3.568640083704203	-152147.38990312952
3.57135969605834	-143690.2479025617
3.580623945092737	-152889.25987829868
3.58359246508963	-145969.92416971436
3.5924841806140337	-153596.367726835
3.595719440434621	-147329.70753763858
3.604277341408473	-154112.8093975418
3.607844037936543	-148911.00483855658
3.616110750011826	-154573.9492212559
3.6201131575975247	-149536.63747303624
3.627930599848927	-154858.36738833005
3.632456547896304	-150369.33252258864
3.6397149805595337	-155494.57387656704
3.644723255078089	-150850.24954644835
3.6515871447909256	-155792.5098056359
3.657076590984883	-151520.02678960018
3.663547962533421	-156491.10579616146
3.66925472903736	-152816.37265297884
3.675468248792813	-156791.1954534445
3.681298305896678	-152931.02628915868
3.687241559447796	-157296.6252166391
3.6936163738445376	-153330.17455082363
3.698909122519598	-157671.94753774375
3.7058529551270674	-154003.97963631785
3.710772768338277	-158077.38682925754
3.718027689205442	-154456.44453054093
3.7226637899318975	-158426.21730845887
3.7305005984516986	-154794.3572562685
3.734406444818685	-158780.01083458032
3.742779984305848	-155498.47491655208
3.7460281764779655	-159181.66526895046
3.754840775601229	-155893.14719425657
3.757457480200181	-159627.15972895507
3.767054004511871	-156295.61489213194
3.769909649424261	-159749.7894854657
3.779260486004517	-156919.19707445896
3.781532000458812	-160024.08717409137
3.791394171994265	-157202.5418180355
3.8035899123697807	-157668.72812656086
3.815846206630623	-158012.61897743284
3.8282930135918023	-158388.29022827456
3.8404348034580256	-158612.5387107993
3.852498551551448	-158703.6883737244
3.864734148215689	-158945.71216985592
3.876803745282945	-159162.72376750523
3.889475191448085	-159274.6934022477
3.901100160531192	-159532.65333407163
